
0000000000000100  00 04  ; Number of rows (4) bomber.red

   pad    OP  A  B  pad     A op      pad      B op
00000000 0001 00 11 000 0000000000001 000 0000000000010   00 13 00 01 00 02  ; mov  1(1) < self(2)
00000000 0100 00 00 000 1111111111111 000 0000000000000   00 40 1f ff 00 00  ; jmp  bomb(-1)  0(0)
00000000 0000 00 00 000 0000000000000 000 1111111111110   00 00 00 00 1f fe  ; dat  0(0)  bomb(-2)
00000000 0010 00 00 000 0000000000010 000 0000000000010   00 20 00 02 00 02  ; add  2(2)  2(2)

0001010000010001  14 11  ; Player 2 PC

0000000000000100  00 04  ; Number of rows (4) bomber.red

   pad    OP  A  B  pad     A op      pad      B op
00000000 0001 00 11 000 0000000000001 000 0000000000010   00 13 00 01 00 02  ; mov  1(1) < self(2)
00000000 0100 00 00 000 1111111111111 000 0000000000000   00 40 1f ff 00 00  ; jmp  bomb(-1)  0(0)
00000000 0000 00 00 000 0000000000000 000 1111111111110   00 00 00 00 1f fe  ; dat  0(0)  bomb(-2)
00000000 0010 00 00 000 0000000000010 000 0000000000010   00 20 00 02 00 02  ; add  2(2)  2(2)

