0000000001010010  00 52  ; Number of rows (82) static.red

   pad    OP  A  B  pad     A op      pad      B op
00000000 0010 00 00 000 0000000000001 000 0000000000001   00 20 00 01 00 01  ; add  1(1)  1(1)
00000000 0010 00 00 000 0000000000001 000 0000000000001   00 20 00 01 00 01  ; add  1(1)  1(1)
00000000 0010 00 00 000 0000000000001 000 0000000000001   00 20 00 01 00 01  ; add  1(1)  1(1)
00000000 0010 00 00 000 0000000000001 000 0000000000001   00 20 00 01 00 01  ; add  1(1)  1(1)
00000000 0010 00 00 000 0000000000001 000 0000000000001   00 20 00 01 00 01  ; add  1(1)  1(1)
00000000 0010 00 00 000 0000000000001 000 0000000000001   00 20 00 01 00 01  ; add  1(1)  1(1)
00000000 0010 00 00 000 0000000000001 000 0000000000001   00 20 00 01 00 01  ; add  1(1)  1(1)
00000000 0010 00 00 000 0000000000001 000 0000000000001   00 20 00 01 00 01  ; add  1(1)  1(1)
00000000 0010 00 00 000 0000000000001 000 0000000000001   00 20 00 01 00 01  ; add  1(1)  1(1)
00000000 0010 00 00 000 0000000000001 000 0000000000001   00 20 00 01 00 01  ; add  1(1)  1(1)
00000000 0010 00 00 000 0000000000001 000 0000000000001   00 20 00 01 00 01  ; add  1(1)  1(1)
00000000 0010 00 00 000 0000000000001 000 0000000000001   00 20 00 01 00 01  ; add  1(1)  1(1)
00000000 0010 00 00 000 0000000000001 000 0000000000001   00 20 00 01 00 01  ; add  1(1)  1(1)
00000000 0010 00 00 000 0000000000001 000 0000000000001   00 20 00 01 00 01  ; add  1(1)  1(1)
00000000 0010 00 00 000 0000000000001 000 0000000000001   00 20 00 01 00 01  ; add  1(1)  1(1)
00000000 0010 00 00 000 0000000000001 000 0000000000001   00 20 00 01 00 01  ; add  1(1)  1(1)
00000000 0010 00 00 000 0000000000001 000 0000000000001   00 20 00 01 00 01  ; add  1(1)  1(1)
00000000 0010 00 00 000 0000000000001 000 0000000000001   00 20 00 01 00 01  ; add  1(1)  1(1)
00000000 0010 00 00 000 0000000000001 000 0000000000001   00 20 00 01 00 01  ; add  1(1)  1(1)
00000000 0010 00 00 000 0000000000001 000 0000000000001   00 20 00 01 00 01  ; add  1(1)  1(1)
00000000 0010 00 00 000 0000000000001 000 0000000000001   00 20 00 01 00 01  ; add  1(1)  1(1)
00000000 0010 00 00 000 0000000000001 000 0000000000001   00 20 00 01 00 01  ; add  1(1)  1(1)
00000000 0010 00 00 000 0000000000001 000 0000000000001   00 20 00 01 00 01  ; add  1(1)  1(1)
00000000 0010 00 00 000 0000000000001 000 0000000000001   00 20 00 01 00 01  ; add  1(1)  1(1)
00000000 0010 00 00 000 0000000000001 000 0000000000001   00 20 00 01 00 01  ; add  1(1)  1(1)
00000000 0010 00 00 000 0000000000001 000 0000000000001   00 20 00 01 00 01  ; add  1(1)  1(1)
00000000 0010 00 00 000 0000000000001 000 0000000000001   00 20 00 01 00 01  ; add  1(1)  1(1)
00000000 0010 00 00 000 0000000000001 000 0000000000001   00 20 00 01 00 01  ; add  1(1)  1(1)
00000000 0010 00 00 000 0000000000001 000 0000000000001   00 20 00 01 00 01  ; add  1(1)  1(1)
00000000 0010 00 00 000 0000000000001 000 0000000000001   00 20 00 01 00 01  ; add  1(1)  1(1)
00000000 0010 00 00 000 0000000000001 000 0000000000001   00 20 00 01 00 01  ; add  1(1)  1(1)
00000000 0010 00 00 000 0000000000001 000 0000000000001   00 20 00 01 00 01  ; add  1(1)  1(1)
00000000 0010 00 00 000 0000000000001 000 0000000000001   00 20 00 01 00 01  ; add  1(1)  1(1)
00000000 0010 00 00 000 0000000000001 000 0000000000001   00 20 00 01 00 01  ; add  1(1)  1(1)
00000000 0010 00 00 000 0000000000001 000 0000000000001   00 20 00 01 00 01  ; add  1(1)  1(1)
00000000 0010 00 00 000 0000000000001 000 0000000000001   00 20 00 01 00 01  ; add  1(1)  1(1)
00000000 0010 00 00 000 0000000000001 000 0000000000001   00 20 00 01 00 01  ; add  1(1)  1(1)
00000000 0010 00 00 000 0000000000001 000 0000000000001   00 20 00 01 00 01  ; add  1(1)  1(1)
00000000 0010 00 00 000 0000000000001 000 0000000000001   00 20 00 01 00 01  ; add  1(1)  1(1)
00000000 0010 00 00 000 0000000000001 000 0000000000001   00 20 00 01 00 01  ; add  1(1)  1(1)
00000000 0010 00 00 000 0000000000001 000 0000000000001   00 20 00 01 00 01  ; add  1(1)  1(1)
00000000 0010 00 00 000 0000000000001 000 0000000000001   00 20 00 01 00 01  ; add  1(1)  1(1)
00000000 0010 00 00 000 0000000000001 000 0000000000001   00 20 00 01 00 01  ; add  1(1)  1(1)
00000000 0010 00 00 000 0000000000001 000 0000000000001   00 20 00 01 00 01  ; add  1(1)  1(1)
00000000 0010 00 00 000 0000000000001 000 0000000000001   00 20 00 01 00 01  ; add  1(1)  1(1)
00000000 0010 00 00 000 0000000000001 000 0000000000001   00 20 00 01 00 01  ; add  1(1)  1(1)
00000000 0010 00 00 000 0000000000001 000 0000000000001   00 20 00 01 00 01  ; add  1(1)  1(1)
00000000 0010 00 00 000 0000000000001 000 0000000000001   00 20 00 01 00 01  ; add  1(1)  1(1)
00000000 0010 00 00 000 0000000000001 000 0000000000001   00 20 00 01 00 01  ; add  1(1)  1(1)
00000000 0010 00 00 000 0000000000001 000 0000000000001   00 20 00 01 00 01  ; add  1(1)  1(1)
00000000 0010 00 00 000 0000000000001 000 0000000000001   00 20 00 01 00 01  ; add  1(1)  1(1)
00000000 0010 00 00 000 0000000000001 000 0000000000001   00 20 00 01 00 01  ; add  1(1)  1(1)
00000000 0100 00 00 000 1111111001100 000 0000000000000   00 40 1f cc 00 00  ; jmp  start(-52)  0         (0)
00000000 0000 00 00 000 0000000000000 000 0000000000000   00 00 00 00 00 00  ; dat  0(0)  0(0)
00000000 0000 00 00 000 0000000000000 000 0000000000000   00 00 00 00 00 00  ; dat  0(0)  0(0)
00000000 0000 00 00 000 0000000000000 000 0000000000000   00 00 00 00 00 00  ; dat  0(0)  0(0)
00000000 0000 00 00 000 0000000000000 000 0000000000000   00 00 00 00 00 00  ; dat  0(0)  0(0)
00000000 0000 00 00 000 0000000000000 000 0000000000000   00 00 00 00 00 00  ; dat  0(0)  0(0)
00000000 0000 00 00 000 0000000000000 000 0000000000000   00 00 00 00 00 00  ; dat  0(0)  0(0)
00000000 0000 00 00 000 0000000000000 000 0000000000000   00 00 00 00 00 00  ; dat  0(0)  0(0)
00000000 0000 00 00 000 0000000000000 000 0000000000000   00 00 00 00 00 00  ; dat  0(0)  0(0)
00000000 0000 00 00 000 0000000000000 000 0000000000000   00 00 00 00 00 00  ; dat  0(0)  0(0)
00000000 0000 00 00 000 0000000000000 000 0000000000000   00 00 00 00 00 00  ; dat  0(0)  0(0)
00000000 0000 00 00 000 0000000000000 000 0000000000000   00 00 00 00 00 00  ; dat  0(0)  0(0)
00000000 0000 00 00 000 0000000000000 000 0000000000000   00 00 00 00 00 00  ; dat  0(0)  0(0)
00000000 0000 00 00 000 0000000000000 000 0000000000000   00 00 00 00 00 00  ; dat  0(0)  0(0)
00000000 0000 00 00 000 0000000000000 000 0000000000000   00 00 00 00 00 00  ; dat  0(0)  0(0)
00000000 0000 00 00 000 0000000000000 000 0000000000000   00 00 00 00 00 00  ; dat  0(0)  0(0)
00000000 0000 00 00 000 0000000000000 000 0000000000000   00 00 00 00 00 00  ; dat  0(0)  0(0)
00000000 0000 00 00 000 0000000000000 000 0000000000000   00 00 00 00 00 00  ; dat  0(0)  0(0)
00000000 0000 00 00 000 0000000000000 000 0000000000000   00 00 00 00 00 00  ; dat  0(0)  0(0)
00000000 0000 00 00 000 0000000000000 000 0000000000000   00 00 00 00 00 00  ; dat  0(0)  0(0)
00000000 0000 00 00 000 0000000000000 000 0000000000000   00 00 00 00 00 00  ; dat  0(0)  0(0)
00000000 0000 00 00 000 0000000000000 000 0000000000000   00 00 00 00 00 00  ; dat  0(0)  0(0)
00000000 0000 00 00 000 0000000000000 000 0000000000000   00 00 00 00 00 00  ; dat  0(0)  0(0)
00000000 0000 00 00 000 0000000000000 000 0000000000000   00 00 00 00 00 00  ; dat  0(0)  0(0)
00000000 0000 00 00 000 0000000000000 000 0000000000000   00 00 00 00 00 00  ; dat  0(0)  0(0)
00000000 0000 00 00 000 0000000000000 000 0000000000000   00 00 00 00 00 00  ; dat  0(0)  0(0)
00000000 0000 00 00 000 0000000000000 000 0000000000000   00 00 00 00 00 00  ; dat  0(0)  0(0)
00000000 0000 00 00 000 0000000000000 000 0000000000000   00 00 00 00 00 00  ; dat  0(0)  0(0)
00000000 0000 00 00 000 0000000000000 000 0000000000000   00 00 00 00 00 00  ; dat  0(0)  0(0)
00000000 0000 00 00 000 0000000000000 000 0000000000000   00 00 00 00 00 00  ; dat  0(0)  0(0)

0001111010011110  1e 9e  ; Player 2 PC

0000000001010010  00 52  ; Number of rows (82) static.red

   pad    OP  A  B  pad     A op      pad      B op
00000000 0010 00 00 000 0000000000001 000 0000000000001   00 20 00 01 00 01  ; add  1(1)  1(1)
00000000 0010 00 00 000 0000000000001 000 0000000000001   00 20 00 01 00 01  ; add  1(1)  1(1)
00000000 0010 00 00 000 0000000000001 000 0000000000001   00 20 00 01 00 01  ; add  1(1)  1(1)
00000000 0010 00 00 000 0000000000001 000 0000000000001   00 20 00 01 00 01  ; add  1(1)  1(1)
00000000 0010 00 00 000 0000000000001 000 0000000000001   00 20 00 01 00 01  ; add  1(1)  1(1)
00000000 0010 00 00 000 0000000000001 000 0000000000001   00 20 00 01 00 01  ; add  1(1)  1(1)
00000000 0010 00 00 000 0000000000001 000 0000000000001   00 20 00 01 00 01  ; add  1(1)  1(1)
00000000 0010 00 00 000 0000000000001 000 0000000000001   00 20 00 01 00 01  ; add  1(1)  1(1)
00000000 0010 00 00 000 0000000000001 000 0000000000001   00 20 00 01 00 01  ; add  1(1)  1(1)
00000000 0010 00 00 000 0000000000001 000 0000000000001   00 20 00 01 00 01  ; add  1(1)  1(1)
00000000 0010 00 00 000 0000000000001 000 0000000000001   00 20 00 01 00 01  ; add  1(1)  1(1)
00000000 0010 00 00 000 0000000000001 000 0000000000001   00 20 00 01 00 01  ; add  1(1)  1(1)
00000000 0010 00 00 000 0000000000001 000 0000000000001   00 20 00 01 00 01  ; add  1(1)  1(1)
00000000 0010 00 00 000 0000000000001 000 0000000000001   00 20 00 01 00 01  ; add  1(1)  1(1)
00000000 0010 00 00 000 0000000000001 000 0000000000001   00 20 00 01 00 01  ; add  1(1)  1(1)
00000000 0010 00 00 000 0000000000001 000 0000000000001   00 20 00 01 00 01  ; add  1(1)  1(1)
00000000 0010 00 00 000 0000000000001 000 0000000000001   00 20 00 01 00 01  ; add  1(1)  1(1)
00000000 0010 00 00 000 0000000000001 000 0000000000001   00 20 00 01 00 01  ; add  1(1)  1(1)
00000000 0010 00 00 000 0000000000001 000 0000000000001   00 20 00 01 00 01  ; add  1(1)  1(1)
00000000 0010 00 00 000 0000000000001 000 0000000000001   00 20 00 01 00 01  ; add  1(1)  1(1)
00000000 0010 00 00 000 0000000000001 000 0000000000001   00 20 00 01 00 01  ; add  1(1)  1(1)
00000000 0010 00 00 000 0000000000001 000 0000000000001   00 20 00 01 00 01  ; add  1(1)  1(1)
00000000 0010 00 00 000 0000000000001 000 0000000000001   00 20 00 01 00 01  ; add  1(1)  1(1)
00000000 0010 00 00 000 0000000000001 000 0000000000001   00 20 00 01 00 01  ; add  1(1)  1(1)
00000000 0010 00 00 000 0000000000001 000 0000000000001   00 20 00 01 00 01  ; add  1(1)  1(1)
00000000 0010 00 00 000 0000000000001 000 0000000000001   00 20 00 01 00 01  ; add  1(1)  1(1)
00000000 0010 00 00 000 0000000000001 000 0000000000001   00 20 00 01 00 01  ; add  1(1)  1(1)
00000000 0010 00 00 000 0000000000001 000 0000000000001   00 20 00 01 00 01  ; add  1(1)  1(1)
00000000 0010 00 00 000 0000000000001 000 0000000000001   00 20 00 01 00 01  ; add  1(1)  1(1)
00000000 0010 00 00 000 0000000000001 000 0000000000001   00 20 00 01 00 01  ; add  1(1)  1(1)
00000000 0010 00 00 000 0000000000001 000 0000000000001   00 20 00 01 00 01  ; add  1(1)  1(1)
00000000 0010 00 00 000 0000000000001 000 0000000000001   00 20 00 01 00 01  ; add  1(1)  1(1)
00000000 0010 00 00 000 0000000000001 000 0000000000001   00 20 00 01 00 01  ; add  1(1)  1(1)
00000000 0010 00 00 000 0000000000001 000 0000000000001   00 20 00 01 00 01  ; add  1(1)  1(1)
00000000 0010 00 00 000 0000000000001 000 0000000000001   00 20 00 01 00 01  ; add  1(1)  1(1)
00000000 0010 00 00 000 0000000000001 000 0000000000001   00 20 00 01 00 01  ; add  1(1)  1(1)
00000000 0010 00 00 000 0000000000001 000 0000000000001   00 20 00 01 00 01  ; add  1(1)  1(1)
00000000 0010 00 00 000 0000000000001 000 0000000000001   00 20 00 01 00 01  ; add  1(1)  1(1)
00000000 0010 00 00 000 0000000000001 000 0000000000001   00 20 00 01 00 01  ; add  1(1)  1(1)
00000000 0010 00 00 000 0000000000001 000 0000000000001   00 20 00 01 00 01  ; add  1(1)  1(1)
00000000 0010 00 00 000 0000000000001 000 0000000000001   00 20 00 01 00 01  ; add  1(1)  1(1)
00000000 0010 00 00 000 0000000000001 000 0000000000001   00 20 00 01 00 01  ; add  1(1)  1(1)
00000000 0010 00 00 000 0000000000001 000 0000000000001   00 20 00 01 00 01  ; add  1(1)  1(1)
00000000 0010 00 00 000 0000000000001 000 0000000000001   00 20 00 01 00 01  ; add  1(1)  1(1)
00000000 0010 00 00 000 0000000000001 000 0000000000001   00 20 00 01 00 01  ; add  1(1)  1(1)
00000000 0010 00 00 000 0000000000001 000 0000000000001   00 20 00 01 00 01  ; add  1(1)  1(1)
00000000 0010 00 00 000 0000000000001 000 0000000000001   00 20 00 01 00 01  ; add  1(1)  1(1)
00000000 0010 00 00 000 0000000000001 000 0000000000001   00 20 00 01 00 01  ; add  1(1)  1(1)
00000000 0010 00 00 000 0000000000001 000 0000000000001   00 20 00 01 00 01  ; add  1(1)  1(1)
00000000 0010 00 00 000 0000000000001 000 0000000000001   00 20 00 01 00 01  ; add  1(1)  1(1)
00000000 0010 00 00 000 0000000000001 000 0000000000001   00 20 00 01 00 01  ; add  1(1)  1(1)
00000000 0010 00 00 000 0000000000001 000 0000000000001   00 20 00 01 00 01  ; add  1(1)  1(1)
00000000 0100 00 00 000 1111111001100 000 0000000000000   00 40 1f cc 00 00  ; jmp  start(-52)  0         (0)
00000000 0000 00 00 000 0000000000000 000 0000000000000   00 00 00 00 00 00  ; dat  0(0)  0(0)
00000000 0000 00 00 000 0000000000000 000 0000000000000   00 00 00 00 00 00  ; dat  0(0)  0(0)
00000000 0000 00 00 000 0000000000000 000 0000000000000   00 00 00 00 00 00  ; dat  0(0)  0(0)
00000000 0000 00 00 000 0000000000000 000 0000000000000   00 00 00 00 00 00  ; dat  0(0)  0(0)
00000000 0000 00 00 000 0000000000000 000 0000000000000   00 00 00 00 00 00  ; dat  0(0)  0(0)
00000000 0000 00 00 000 0000000000000 000 0000000000000   00 00 00 00 00 00  ; dat  0(0)  0(0)
00000000 0000 00 00 000 0000000000000 000 0000000000000   00 00 00 00 00 00  ; dat  0(0)  0(0)
00000000 0000 00 00 000 0000000000000 000 0000000000000   00 00 00 00 00 00  ; dat  0(0)  0(0)
00000000 0000 00 00 000 0000000000000 000 0000000000000   00 00 00 00 00 00  ; dat  0(0)  0(0)
00000000 0000 00 00 000 0000000000000 000 0000000000000   00 00 00 00 00 00  ; dat  0(0)  0(0)
00000000 0000 00 00 000 0000000000000 000 0000000000000   00 00 00 00 00 00  ; dat  0(0)  0(0)
00000000 0000 00 00 000 0000000000000 000 0000000000000   00 00 00 00 00 00  ; dat  0(0)  0(0)
00000000 0000 00 00 000 0000000000000 000 0000000000000   00 00 00 00 00 00  ; dat  0(0)  0(0)
00000000 0000 00 00 000 0000000000000 000 0000000000000   00 00 00 00 00 00  ; dat  0(0)  0(0)
00000000 0000 00 00 000 0000000000000 000 0000000000000   00 00 00 00 00 00  ; dat  0(0)  0(0)
00000000 0000 00 00 000 0000000000000 000 0000000000000   00 00 00 00 00 00  ; dat  0(0)  0(0)
00000000 0000 00 00 000 0000000000000 000 0000000000000   00 00 00 00 00 00  ; dat  0(0)  0(0)
00000000 0000 00 00 000 0000000000000 000 0000000000000   00 00 00 00 00 00  ; dat  0(0)  0(0)
00000000 0000 00 00 000 0000000000000 000 0000000000000   00 00 00 00 00 00  ; dat  0(0)  0(0)
00000000 0000 00 00 000 0000000000000 000 0000000000000   00 00 00 00 00 00  ; dat  0(0)  0(0)
00000000 0000 00 00 000 0000000000000 000 0000000000000   00 00 00 00 00 00  ; dat  0(0)  0(0)
00000000 0000 00 00 000 0000000000000 000 0000000000000   00 00 00 00 00 00  ; dat  0(0)  0(0)
00000000 0000 00 00 000 0000000000000 000 0000000000000   00 00 00 00 00 00  ; dat  0(0)  0(0)
00000000 0000 00 00 000 0000000000000 000 0000000000000   00 00 00 00 00 00  ; dat  0(0)  0(0)
00000000 0000 00 00 000 0000000000000 000 0000000000000   00 00 00 00 00 00  ; dat  0(0)  0(0)
00000000 0000 00 00 000 0000000000000 000 0000000000000   00 00 00 00 00 00  ; dat  0(0)  0(0)
00000000 0000 00 00 000 0000000000000 000 0000000000000   00 00 00 00 00 00  ; dat  0(0)  0(0)
00000000 0000 00 00 000 0000000000000 000 0000000000000   00 00 00 00 00 00  ; dat  0(0)  0(0)
00000000 0000 00 00 000 0000000000000 000 0000000000000   00 00 00 00 00 00  ; dat  0(0)  0(0)
Wrote 990 bytes to static.bin
